Parameter Count: 5555528
Training with 208200 image pairs
/home/navid/.local/lib/python3.10/site-packages/torch/functional.py:504: UserWarning: torch.meshgrid: in an upcoming release, it will be required to pass the indexing argument. (Triggered internally at ../aten/src/ATen/native/TensorShape.cpp:3190.)
  return _VF.meshgrid(tensors, **kwargs)  # type: ignore[attr-defined]
/home/navid/.local/lib/python3.10/site-packages/torch/optim/lr_scheduler.py:138: UserWarning: Detected call of `lr_scheduler.step()` before `optimizer.step()`. In PyTorch 1.1.0 and later, you should call them in the opposite order: `optimizer.step()` before `lr_scheduler.step()`.  Failure to do this will result in PyTorch skipping the first value of the learning rate schedule. See more details at https://pytorch.org/docs/stable/optim.html#how-to-adjust-learning-rate
  warnings.warn("Detected call of `lr_scheduler.step()` before `optimizer.step()`. "
[   100,  0.0000116]     0.0521,     0.3012,     0.4747,    21.8119, 
[   200,  0.0000192]     0.0758,     0.3715,     0.5156,    16.5477, 
[   300,  0.0000269]     0.0943,     0.3621,     0.4828,    17.1249, 
[   400,  0.0000345]     0.0869,     0.3517,     0.4729,    15.9359, 
[   500,  0.0000422]     0.0987,     0.3588,     0.4865,    14.8111, 
[   600,  0.0000499]     0.1048,     0.3968,     0.5394,    15.6663, 
[   700,  0.0000575]     0.0900,     0.4093,     0.5772,    12.4116, 
[   800,  0.0000652]     0.1172,     0.4498,     0.5869,    13.0578, 
[   900,  0.0000728]     0.1237,     0.4755,     0.6203,    11.8965, 
[  1000,  0.0000805]     0.1920,     0.5406,     0.6582,    10.8488, 
[  1100,  0.0000881]     0.2535,     0.5896,     0.6978,    10.9370, 
[  1200,  0.0000958]     0.3173,     0.6395,     0.7390,     8.5062, 
[  1300,  0.0000998]     0.3837,     0.6875,     0.7778,     7.6217, 
[  1400,  0.0000994]     0.4018,     0.6741,     0.7557,     9.8564, 
[  1500,  0.0000990]     0.4292,     0.6836,     0.7635,     8.6735, 
[  1600,  0.0000986]     0.4406,     0.7041,     0.7812,     8.5767, 
[  1700,  0.0000981]     0.4663,     0.7213,     0.7963,     8.0040, 
[  1800,  0.0000977]     0.4910,     0.7295,     0.7983,     7.9448, 
[  1900,  0.0000973]     0.5284,     0.7563,     0.8201,     6.5136, 
[  2000,  0.0000969]     0.5369,     0.7507,     0.8115,     7.3000, 
[  2100,  0.0000965]     0.5574,     0.7621,     0.8208,     7.2337, 
[  2200,  0.0000960]     0.5720,     0.7721,     0.8278,     6.5302, 
[  2300,  0.0000956]     0.5479,     0.7581,     0.8188,     6.7211, 
[  2400,  0.0000952]     0.5691,     0.7718,     0.8267,     6.9113, 
[  2500,  0.0000948]     0.5943,     0.7873,     0.8418,     6.9766, 
[  2600,  0.0000944]     0.5732,     0.7737,     0.8302,     6.8654, 
[  2700,  0.0000939]     0.5853,     0.7813,     0.8359,     6.2719, 
[  2800,  0.0000935]     0.5898,     0.7802,     0.8346,     6.5648, 
[  2900,  0.0000931]     0.5982,     0.7892,     0.8448,     5.8997, 
[  3000,  0.0000927]     0.6095,     0.7974,     0.8495,     5.4809, 
[  3100,  0.0000923]     0.6313,     0.8049,     0.8532,     6.0638, 
[  3200,  0.0000918]     0.6200,     0.7843,     0.8327,     8.0088, 
[  3300,  0.0000914]     0.6431,     0.8113,     0.8583,     5.7809, 
[  3400,  0.0000910]     0.5983,     0.7788,     0.8315,     6.4190, 
[  3500,  0.0000906]     0.6213,     0.8042,     0.8545,     5.8213, 
[  3600,  0.0000902]     0.6508,     0.8188,     0.8654,     5.2671, 
[  3700,  0.0000897]     0.6473,     0.8138,     0.8600,     5.5306, 
[  3800,  0.0000893]     0.6400,     0.8133,     0.8608,     5.3678, 
[  3900,  0.0000889]     0.6453,     0.8152,     0.8625,     5.3563, 
[  4000,  0.0000885]     0.6571,     0.8266,     0.8712,     5.5750, 
[  4100,  0.0000881]     0.6572,     0.8181,     0.8624,     5.8405, 
[  4200,  0.0000877]     0.6392,     0.8047,     0.8531,     5.9608, 
[  4300,  0.0000872]     0.6759,     0.8312,     0.8739,     5.4068, 
[  4400,  0.0000868]     0.6868,     0.8323,     0.8746,     4.9082, 
[  4500,  0.0000864]     0.6766,     0.8386,     0.8812,     4.4887, 
[  4600,  0.0000860]     0.6938,     0.8449,     0.8850,     4.3022, 
[  4700,  0.0000856]     0.6864,     0.8349,     0.8754,     5.1587, 
[  4800,  0.0000851]     0.6856,     0.8347,     0.8747,     5.2528, 
[  4900,  0.0000847]     0.6895,     0.8416,     0.8819,     4.2910, 
[  5000,  0.0000843]     0.6795,     0.8333,     0.8754,     5.2871, 
Validation (clean) EPE: 4.094206, 1px: 0.754973, 3px: 0.884923, 5px: 0.915805
Validation (final) EPE: 5.453374, 1px: 0.728729, 3px: 0.855948, 5px: 0.890307
[  5100,  0.0000839]     0.7028,     0.8467,     0.8850,     4.7032, 
[  5200,  0.0000835]     0.6970,     0.8411,     0.8809,     4.7510, 
[  5300,  0.0000830]     0.7102,     0.8514,     0.8915,     4.0585, 
[  5400,  0.0000826]     0.6954,     0.8419,     0.8818,     4.9988, 
[  5500,  0.0000822]     0.7001,     0.8488,     0.8872,     4.7449, 
[  5600,  0.0000818]     0.7009,     0.8508,     0.8914,     4.2813, 
[  5700,  0.0000814]     0.7123,     0.8530,     0.8893,     4.5421, 
[  5800,  0.0000809]     0.7142,     0.8503,     0.8877,     4.5738, 
[  5900,  0.0000805]     0.6973,     0.8397,     0.8803,     4.9873, 
[  6000,  0.0000801]     0.7087,     0.8484,     0.8849,     5.2421, 
[  6100,  0.0000797]     0.6998,     0.8421,     0.8805,     5.0503, 
[  6200,  0.0000793]     0.6991,     0.8430,     0.8820,     4.7963, 
[  6300,  0.0000788]     0.7026,     0.8470,     0.8855,     5.0362, 
[  6400,  0.0000784]     0.7108,     0.8524,     0.8916,     3.8637, 
[  6500,  0.0000780]     0.7326,     0.8641,     0.8980,     4.2337, 
[  6600,  0.0000776]     0.7246,     0.8639,     0.8995,     4.2208, 
[  6700,  0.0000772]     0.7053,     0.8487,     0.8872,     4.5784, 
[  6800,  0.0000767]     0.7337,     0.8691,     0.9044,     3.9331, 
[  6900,  0.0000763]     0.7451,     0.8734,     0.9064,     4.2052, 
[  7000,  0.0000759]     0.7247,     0.8608,     0.8966,     4.2882, 
[  7100,  0.0000755]     0.7114,     0.8502,     0.8888,     4.2241, 
[  7200,  0.0000751]     0.7280,     0.8589,     0.8934,     4.2601, 
[  7300,  0.0000747]     0.7328,     0.8620,     0.8972,     4.1523, 
[  7400,  0.0000742]     0.7195,     0.8547,     0.8904,     4.6129, 
[  7500,  0.0000738]     0.7257,     0.8611,     0.8966,     4.0420, 
[  7600,  0.0000734]     0.7217,     0.8596,     0.8954,     3.9757, 
[  7700,  0.0000730]     0.7496,     0.8745,     0.9057,     4.3597, 
[  7800,  0.0000726]     0.7352,     0.8705,     0.9051,     3.5889, 
[  7900,  0.0000721]     0.7505,     0.8735,     0.9063,     3.7953, 
[  8000,  0.0000717]     0.7239,     0.8549,     0.8905,     4.7838, 
[  8100,  0.0000713]     0.7520,     0.8783,     0.9111,     3.4821, 
[  8200,  0.0000709]     0.7635,     0.8843,     0.9151,     3.6309, 
[  8300,  0.0000705]     0.7527,     0.8777,     0.9103,     3.4798, 
[  8400,  0.0000700]     0.7434,     0.8680,     0.9017,     3.9329, 
[  8500,  0.0000696]     0.7586,     0.8810,     0.9124,     3.0964, 
[  8600,  0.0000692]     0.7527,     0.8731,     0.9057,     4.3150, 
[  8700,  0.0000688]     0.7501,     0.8763,     0.9098,     3.7679, 
[  8800,  0.0000684]     0.7228,     0.8582,     0.8950,     4.4293, 
[  8900,  0.0000679]     0.7398,     0.8657,     0.8986,     4.4849, 
[  9000,  0.0000675]     0.7530,     0.8778,     0.9109,     3.3635, 
[  9100,  0.0000671]     0.7498,     0.8733,     0.9058,     4.1572, 
[  9200,  0.0000667]     0.7407,     0.8706,     0.9046,     4.2489, 
[  9300,  0.0000663]     0.7611,     0.8781,     0.9083,     3.9830, 
[  9400,  0.0000658]     0.7467,     0.8727,     0.9045,     4.0870, 
[  9500,  0.0000654]     0.7440,     0.8733,     0.9068,     3.5529, 
[  9600,  0.0000650]     0.7622,     0.8876,     0.9193,     3.1280, 
[  9700,  0.0000646]     0.7616,     0.8798,     0.9100,     4.1455, 
[  9800,  0.0000642]     0.7580,     0.8785,     0.9090,     3.4429, 
[  9900,  0.0000637]     0.7525,     0.8759,     0.9066,     3.8955, 
[ 10000,  0.0000633]     0.7633,     0.8802,     0.9107,     3.6552, 
Validation (clean) EPE: 2.367567, 1px: 0.822683, 3px: 0.923279, 5px: 0.945674
Validation (final) EPE: 3.092811, 1px: 0.790577, 3px: 0.896421, 5px: 0.924131
[ 10100,  0.0000629]     0.7507,     0.8770,     0.9098,     3.5503, 
[ 10200,  0.0000625]     0.7487,     0.8753,     0.9093,     3.6890, 
[ 10300,  0.0000621]     0.7719,     0.8901,     0.9185,     3.5583, 
[ 10400,  0.0000617]     0.7807,     0.8919,     0.9194,     3.7009, 
[ 10500,  0.0000612]     0.7585,     0.8778,     0.9088,     4.2632, 
[ 10600,  0.0000608]     0.7715,     0.8860,     0.9161,     3.5139, 
[ 10700,  0.0000604]     0.7679,     0.8877,     0.9186,     3.0807, 
[ 10800,  0.0000600]     0.7580,     0.8801,     0.9110,     3.5523, 
[ 10900,  0.0000596]     0.7742,     0.8876,     0.9172,     3.4400, 
[ 11000,  0.0000591]     0.7542,     0.8734,     0.9055,     4.4297, 
[ 11100,  0.0000587]     0.7660,     0.8858,     0.9159,     3.4004, 
[ 11200,  0.0000583]     0.7687,     0.8847,     0.9137,     3.5683, 
[ 11300,  0.0000579]     0.7716,     0.8872,     0.9154,     3.5234, 
[ 11400,  0.0000575]     0.7598,     0.8778,     0.9099,     3.4122, 
[ 11500,  0.0000570]     0.7741,     0.8889,     0.9179,     3.5693, 
[ 11600,  0.0000566]     0.7653,     0.8814,     0.9125,     3.5594, 
[ 11700,  0.0000562]     0.7914,     0.8985,     0.9259,     3.2085, 
[ 11800,  0.0000558]     0.7752,     0.8863,     0.9137,     4.0833, 
[ 11900,  0.0000554]     0.7894,     0.8960,     0.9223,     3.1930, 
[ 12000,  0.0000549]     0.7775,     0.8941,     0.9221,     3.4395, 
[ 12100,  0.0000545]     0.7532,     0.8762,     0.9068,     4.0694, 
[ 12200,  0.0000541]     0.7828,     0.8908,     0.9172,     3.7440, 
[ 12300,  0.0000537]     0.7793,     0.8918,     0.9192,     3.3447, 
[ 12400,  0.0000533]     0.7906,     0.9013,     0.9281,     2.9309, 
[ 12500,  0.0000528]     0.7844,     0.8961,     0.9242,     3.5040, 
[ 12600,  0.0000524]     0.7831,     0.8939,     0.9212,     3.0912, 
[ 12700,  0.0000520]     0.7914,     0.8959,     0.9228,     3.1870, 
[ 12800,  0.0000516]     0.7856,     0.8937,     0.9197,     3.3124, 
[ 12900,  0.0000512]     0.7915,     0.9022,     0.9289,     2.8951, 
[ 13000,  0.0000507]     0.8061,     0.9094,     0.9354,     2.7265, 
[ 13100,  0.0000503]     0.7857,     0.8954,     0.9232,     3.6890, 
[ 13200,  0.0000499]     0.7682,     0.8840,     0.9125,     4.0756, 
[ 13300,  0.0000495]     0.7926,     0.8970,     0.9231,     3.1270, 
[ 13400,  0.0000491]     0.7771,     0.8920,     0.9220,     3.2124, 
[ 13500,  0.0000486]     0.7732,     0.8921,     0.9222,     3.2511, 
[ 13600,  0.0000482]     0.7800,     0.8865,     0.9144,     3.9971, 
[ 13700,  0.0000478]     0.8010,     0.9087,     0.9350,     2.7466, 
[ 13800,  0.0000474]     0.7687,     0.8849,     0.9143,     3.6365, 
[ 13900,  0.0000470]     0.7783,     0.8837,     0.9104,     3.8727, 
[ 14000,  0.0000466]     0.7915,     0.8972,     0.9227,     3.4931, 
[ 14100,  0.0000461]     0.7951,     0.8999,     0.9268,     2.7138, 
[ 14200,  0.0000457]     0.7838,     0.8870,     0.9144,     3.7087, 
[ 14300,  0.0000453]     0.7917,     0.8982,     0.9236,     3.1667, 
[ 14400,  0.0000449]     0.7754,     0.8877,     0.9156,     3.7368, 
[ 14500,  0.0000445]     0.7880,     0.8930,     0.9201,     3.5485, 
[ 14600,  0.0000440]     0.7800,     0.8910,     0.9191,     3.7325, 
[ 14700,  0.0000436]     0.7853,     0.9009,     0.9293,     2.5462, 
[ 14800,  0.0000432]     0.7954,     0.9031,     0.9303,     2.7568, 
[ 14900,  0.0000428]     0.7883,     0.8938,     0.9213,     3.5286, 
[ 15000,  0.0000424]     0.7877,     0.8933,     0.9199,     3.8189, 
Validation (clean) EPE: 2.011025, 1px: 0.844423, 3px: 0.932383, 5px: 0.952236
Validation (final) EPE: 2.807427, 1px: 0.807931, 3px: 0.906474, 5px: 0.932379
[ 15100,  0.0000419]     0.7924,     0.8998,     0.9262,     3.1809, 
[ 15200,  0.0000415]     0.7834,     0.8877,     0.9150,     3.6784, 
[ 15300,  0.0000411]     0.7940,     0.8991,     0.9258,     2.8270, 
[ 15400,  0.0000407]     0.7714,     0.8844,     0.9126,     3.9240, 
[ 15500,  0.0000403]     0.8097,     0.9087,     0.9337,     2.5449, 
[ 15600,  0.0000398]     0.8101,     0.9140,     0.9391,     2.6019, 
[ 15700,  0.0000394]     0.7898,     0.8926,     0.9196,     3.1756, 
[ 15800,  0.0000390]     0.7895,     0.8942,     0.9210,     3.4196, 
[ 15900,  0.0000386]     0.8035,     0.9073,     0.9325,     3.0976, 
[ 16000,  0.0000382]     0.8017,     0.9038,     0.9294,     2.5561, 
[ 16100,  0.0000377]     0.7966,     0.8975,     0.9227,     3.1156, 
[ 16200,  0.0000373]     0.8025,     0.9034,     0.9295,     2.7216, 
[ 16300,  0.0000369]     0.8084,     0.9076,     0.9321,     2.7192, 
[ 16400,  0.0000365]     0.8096,     0.9077,     0.9336,     2.5563, 
[ 16500,  0.0000361]     0.7941,     0.9009,     0.9264,     3.1885, 
[ 16600,  0.0000356]     0.8041,     0.9047,     0.9298,     2.6234, 
[ 16700,  0.0000352]     0.8083,     0.9053,     0.9297,     3.1911, 
[ 16800,  0.0000348]     0.7867,     0.8942,     0.9210,     3.2979, 
[ 16900,  0.0000344]     0.7876,     0.8978,     0.9237,     3.2725, 
[ 17000,  0.0000340]     0.8053,     0.9075,     0.9328,     2.9186, 
[ 17100,  0.0000336]     0.8071,     0.9083,     0.9338,     2.7510, 
[ 17200,  0.0000331]     0.8047,     0.9021,     0.9264,     3.5296, 
[ 17300,  0.0000327]     0.7999,     0.8980,     0.9226,     3.5933, 
[ 17400,  0.0000323]     0.7943,     0.8992,     0.9256,     2.9911, 
[ 17500,  0.0000319]     0.8035,     0.9033,     0.9290,     3.0239, 
[ 17600,  0.0000315]     0.7838,     0.8930,     0.9198,     3.5291, 
[ 17700,  0.0000310]     0.7871,     0.8916,     0.9184,     3.3741, 
[ 17800,  0.0000306]     0.7959,     0.8994,     0.9263,     2.9565, 
[ 17900,  0.0000302]     0.8081,     0.9038,     0.9277,     3.4307, 
[ 18000,  0.0000298]     0.7869,     0.8924,     0.9202,     3.1613, 
[ 18100,  0.0000294]     0.8104,     0.9097,     0.9357,     2.3565, 
[ 18200,  0.0000289]     0.7798,     0.8886,     0.9180,     3.3255, 
[ 18300,  0.0000285]     0.8012,     0.9046,     0.9306,     2.8615, 
[ 18400,  0.0000281]     0.7986,     0.9049,     0.9299,     2.8309, 
[ 18500,  0.0000277]     0.7858,     0.8930,     0.9201,     3.6570, 
[ 18600,  0.0000273]     0.8008,     0.9064,     0.9325,     2.5298, 
[ 18700,  0.0000268]     0.7906,     0.8987,     0.9259,     3.0397, 
[ 18800,  0.0000264]     0.8226,     0.9148,     0.9376,     2.3888, 
[ 18900,  0.0000260]     0.8012,     0.8975,     0.9217,     3.3606, 
[ 19000,  0.0000256]     0.8148,     0.9104,     0.9345,     2.5233, 
[ 19100,  0.0000252]     0.8085,     0.9069,     0.9318,     2.9812, 
[ 19200,  0.0000247]     0.7854,     0.8925,     0.9193,     3.2170, 
[ 19300,  0.0000243]     0.8148,     0.9122,     0.9366,     2.5092, 
[ 19400,  0.0000239]     0.7918,     0.8984,     0.9247,     3.2616, 
[ 19500,  0.0000235]     0.7968,     0.8989,     0.9249,     3.2796, 
[ 19600,  0.0000231]     0.8149,     0.9159,     0.9401,     2.4452, 
[ 19700,  0.0000226]     0.8004,     0.9011,     0.9255,     2.9684, 
[ 19800,  0.0000222]     0.8029,     0.9013,     0.9266,     3.2656, 
[ 19900,  0.0000218]     0.8094,     0.9047,     0.9284,     3.1738, 
[ 20000,  0.0000214]     0.8019,     0.8931,     0.9184,     3.7078, 
Validation (clean) EPE: 1.725253, 1px: 0.860036, 3px: 0.939776, 5px: 0.957689
Validation (final) EPE: 2.373198, 1px: 0.826979, 3px: 0.914957, 5px: 0.938747
[ 20100,  0.0000210]     0.8010,     0.8996,     0.9251,     3.1509, 
[ 20200,  0.0000206]     0.8261,     0.9135,     0.9370,     2.2274, 
[ 20300,  0.0000201]     0.8073,     0.9076,     0.9335,     2.6289, 
[ 20400,  0.0000197]     0.8007,     0.8990,     0.9245,     3.0634, 
[ 20500,  0.0000193]     0.8063,     0.9050,     0.9290,     2.9596, 
[ 20600,  0.0000189]     0.8070,     0.9068,     0.9325,     2.2009, 
[ 20700,  0.0000185]     0.7891,     0.8882,     0.9139,     3.6178, 
[ 20800,  0.0000180]     0.7948,     0.8968,     0.9224,     3.5068, 
[ 20900,  0.0000176]     0.8002,     0.9010,     0.9271,     3.2406, 
[ 21000,  0.0000172]     0.8242,     0.9153,     0.9390,     2.4333, 
[ 21100,  0.0000168]     0.8030,     0.9017,     0.9281,     2.6134, 
[ 21200,  0.0000164]     0.8201,     0.9114,     0.9348,     2.5916, 
[ 21300,  0.0000159]     0.8183,     0.9140,     0.9363,     2.6095, 
[ 21400,  0.0000155]     0.8124,     0.9068,     0.9310,     2.7488, 
[ 21500,  0.0000151]     0.8124,     0.9081,     0.9326,     2.5019, 
[ 21600,  0.0000147]     0.7958,     0.8933,     0.9195,     3.0381, 
[ 21700,  0.0000143]     0.8136,     0.9108,     0.9346,     2.6054, 
[ 21800,  0.0000138]     0.8108,     0.9076,     0.9325,     2.6557, 
[ 21900,  0.0000134]     0.8173,     0.9120,     0.9356,     2.4268, 
[ 22000,  0.0000130]     0.7868,     0.8954,     0.9229,     2.9454, 
[ 22100,  0.0000126]     0.8196,     0.9129,     0.9355,     2.6515, 
[ 22200,  0.0000122]     0.8214,     0.9112,     0.9337,     2.4885, 
[ 22300,  0.0000117]     0.8112,     0.9084,     0.9323,     2.5989, 
[ 22400,  0.0000113]     0.8114,     0.9074,     0.9310,     2.7870, 
[ 22500,  0.0000109]     0.8110,     0.9048,     0.9295,     2.8909, 
[ 22600,  0.0000105]     0.8057,     0.9036,     0.9293,     2.8582, 
[ 22700,  0.0000101]     0.8297,     0.9188,     0.9406,     2.4554, 
[ 22800,  0.0000096]     0.8195,     0.9170,     0.9399,     2.1902, 
[ 22900,  0.0000092]     0.8023,     0.9012,     0.9268,     2.8636, 
[ 23000,  0.0000088]     0.8229,     0.9154,     0.9383,     2.4318, 
[ 23100,  0.0000084]     0.7997,     0.8982,     0.9241,     3.2027, 
[ 23200,  0.0000080]     0.7967,     0.9004,     0.9270,     2.9989, 
[ 23300,  0.0000076]     0.8126,     0.9074,     0.9328,     2.6630, 
[ 23400,  0.0000071]     0.8137,     0.9120,     0.9347,     2.6584, 
[ 23500,  0.0000067]     0.8104,     0.9064,     0.9313,     2.6501, 
[ 23600,  0.0000063]     0.8231,     0.9169,     0.9407,     2.0850, 
[ 23700,  0.0000059]     0.8008,     0.8980,     0.9237,     3.5814, 
[ 23800,  0.0000055]     0.8075,     0.9068,     0.9314,     2.5357, 
[ 23900,  0.0000050]     0.8040,     0.9045,     0.9293,     2.5076, 
[ 24000,  0.0000046]     0.8159,     0.9103,     0.9338,     2.5593, 
[ 24100,  0.0000042]     0.8253,     0.9196,     0.9429,     2.0895, 
[ 24200,  0.0000038]     0.8125,     0.9089,     0.9339,     2.4765, 
[ 24300,  0.0000034]     0.8098,     0.9047,     0.9297,     2.6582, 
[ 24400,  0.0000029]     0.8093,     0.9044,     0.9295,     2.7795, 
[ 24500,  0.0000025]     0.8138,     0.9083,     0.9316,     2.9832, 
[ 24600,  0.0000021]     0.8218,     0.9110,     0.9347,     2.5216, 
[ 24700,  0.0000017]     0.8004,     0.8991,     0.9245,     3.2151, 
[ 24800,  0.0000013]     0.8113,     0.9062,     0.9312,     2.4347, 
[ 24900,  0.0000008]     0.8205,     0.9135,     0.9378,     2.1734, 
[ 25000,  0.0000004]     0.8162,     0.9094,     0.9337,     2.4970, 
Validation (clean) EPE: 1.707398, 1px: 0.865633, 3px: 0.941870, 5px: 0.959202
Validation (final) EPE: 2.300980, 1px: 0.831358, 3px: 0.918234, 5px: 0.941636
