Parameter Count: 5555528
Training with 208200 image pairs
/home/navid/.local/lib/python3.10/site-packages/torch/functional.py:504: UserWarning: torch.meshgrid: in an upcoming release, it will be required to pass the indexing argument. (Triggered internally at ../aten/src/ATen/native/TensorShape.cpp:3190.)
  return _VF.meshgrid(tensors, **kwargs)  # type: ignore[attr-defined]
/home/navid/.local/lib/python3.10/site-packages/torch/optim/lr_scheduler.py:138: UserWarning: Detected call of `lr_scheduler.step()` before `optimizer.step()`. In PyTorch 1.1.0 and later, you should call them in the opposite order: `optimizer.step()` before `lr_scheduler.step()`.  Failure to do this will result in PyTorch skipping the first value of the learning rate schedule. See more details at https://pytorch.org/docs/stable/optim.html#how-to-adjust-learning-rate
  warnings.warn("Detected call of `lr_scheduler.step()` before `optimizer.step()`. "
[   100,  0.0000056]     0.0645,     0.3340,     0.5011,    14.9515, 
[   200,  0.0000072]     0.0982,     0.4127,     0.5381,    15.4035, 
[   300,  0.0000088]     0.1016,     0.4018,     0.5170,    16.0644, 
[   400,  0.0000104]     0.0967,     0.4163,     0.5411,    14.7783, 
[   500,  0.0000120]     0.1124,     0.4108,     0.5343,    14.4377, 
[   600,  0.0000136]     0.1087,     0.4184,     0.5453,    16.0758, 
[   700,  0.0000152]     0.1288,     0.4563,     0.5765,    13.6138, 
[   800,  0.0000168]     0.0900,     0.3676,     0.5049,    15.3157, 
[   900,  0.0000184]     0.0646,     0.3224,     0.5004,    14.0062, 
[  1000,  0.0000200]     0.0809,     0.3764,     0.5377,    13.7553, 
[  1100,  0.0000216]     0.0990,     0.4244,     0.5814,    13.6267, 
[  1200,  0.0000232]     0.1377,     0.5024,     0.6470,    10.8692, 
[  1300,  0.0000248]     0.1386,     0.5237,     0.6728,    10.3612, 
[  1400,  0.0000264]     0.1539,     0.5090,     0.6426,    13.0895, 
[  1500,  0.0000280]     0.1791,     0.5358,     0.6614,    11.6144, 
[  1600,  0.0000296]     0.2173,     0.5861,     0.6960,    11.1480, 
[  1700,  0.0000312]     0.2216,     0.5957,     0.7088,    10.3980, 
[  1800,  0.0000328]     0.2526,     0.6190,     0.7209,    10.6714, 
[  1900,  0.0000344]     0.3218,     0.6614,     0.7545,     8.5209, 
[  2000,  0.0000360]     0.3298,     0.6670,     0.7539,     9.4568, 
[  2100,  0.0000376]     0.3687,     0.6822,     0.7656,     9.2445, 
[  2200,  0.0000392]     0.3810,     0.6922,     0.7719,     9.0918, 
[  2300,  0.0000408]     0.3834,     0.6826,     0.7658,     8.7547, 
[  2400,  0.0000424]     0.3798,     0.6921,     0.7725,     9.0884, 
[  2500,  0.0000440]     0.4231,     0.7139,     0.7889,     9.2071, 
[  2600,  0.0000456]     0.4158,     0.7014,     0.7792,     9.0151, 
[  2700,  0.0000472]     0.4219,     0.7094,     0.7856,     8.2841, 
[  2800,  0.0000488]     0.4058,     0.7003,     0.7771,     8.7589, 
[  2900,  0.0000504]     0.4507,     0.7249,     0.7965,     8.1141, 
[  3000,  0.0000520]     0.4374,     0.7293,     0.8031,     7.2020, 
[  3100,  0.0000536]     0.4749,     0.7495,     0.8137,     7.9631, 
[  3200,  0.0000551]     0.4708,     0.7296,     0.7929,     9.9676, 
[  3300,  0.0000567]     0.4989,     0.7577,     0.8191,     8.0023, 
[  3400,  0.0000583]     0.4724,     0.7269,     0.7932,     9.0302, 
[  3500,  0.0000599]     0.4872,     0.7487,     0.8116,     7.8789, 
[  3600,  0.0000615]     0.5287,     0.7718,     0.8303,     7.1413, 
[  3700,  0.0000631]     0.5399,     0.7686,     0.8253,     7.2037, 
[  3800,  0.0000647]     0.5311,     0.7706,     0.8281,     7.2314, 
[  3900,  0.0000663]     0.5421,     0.7724,     0.8289,     7.2560, 
[  4000,  0.0000679]     0.5558,     0.7883,     0.8443,     7.0304, 
[  4100,  0.0000695]     0.5558,     0.7763,     0.8311,     7.7761, 
[  4200,  0.0000711]     0.5403,     0.7618,     0.8199,     8.1172, 
[  4300,  0.0000727]     0.5910,     0.7962,     0.8478,     6.8886, 
[  4400,  0.0000743]     0.6037,     0.8027,     0.8512,     6.3420, 
[  4500,  0.0000759]     0.5849,     0.7997,     0.8510,     6.3482, 
[  4600,  0.0000775]     0.6081,     0.8143,     0.8631,     5.4581, 
[  4700,  0.0000791]     0.6121,     0.8079,     0.8556,     6.0016, 
[  4800,  0.0000807]     0.6133,     0.8047,     0.8523,     6.5767, 
[  4900,  0.0000823]     0.6159,     0.8165,     0.8648,     5.7283, 
[  5000,  0.0000839]     0.5974,     0.8003,     0.8486,     7.0602, 
Validation (clean) EPE: 6.262327, 1px: 0.600632, 3px: 0.834103, 5px: 0.880848
Validation (final) EPE: 7.375834, 1px: 0.555690, 3px: 0.798713, 5px: 0.851203
[  5100,  0.0000855]     0.6206,     0.8169,     0.8623,     6.1453, 
[  5200,  0.0000871]     0.6278,     0.8205,     0.8656,     5.9146, 
[  5300,  0.0000887]     0.6435,     0.8283,     0.8742,     5.3257, 
[  5400,  0.0000903]     0.6200,     0.8183,     0.8653,     6.1209, 
[  5500,  0.0000919]     0.6321,     0.8235,     0.8684,     6.0932, 
[  5600,  0.0000935]     0.6408,     0.8281,     0.8736,     5.2479, 
[  5700,  0.0000951]     0.6461,     0.8289,     0.8725,     5.6263, 
[  5800,  0.0000967]     0.6414,     0.8244,     0.8672,     5.9217, 
[  5900,  0.0000983]     0.6389,     0.8148,     0.8604,     6.0210, 
[  6000,  0.0000999]     0.6459,     0.8240,     0.8660,     6.4305, 
[  6100,  0.0000999]     0.6365,     0.8179,     0.8630,     6.3463, 
[  6200,  0.0000998]     0.6398,     0.8210,     0.8651,     6.2142, 
[  6300,  0.0000997]     0.6458,     0.8271,     0.8706,     6.1463, 
[  6400,  0.0000997]     0.6651,     0.8368,     0.8791,     5.0398, 
[  6500,  0.0000996]     0.6796,     0.8406,     0.8802,     5.5526, 
[  6600,  0.0000995]     0.6662,     0.8430,     0.8860,     5.1977, 
[  6700,  0.0000994]     0.6571,     0.8284,     0.8709,     5.9127, 
[  6800,  0.0000993]     0.6852,     0.8521,     0.8925,     4.4469, 
[  6900,  0.0000992]     0.7042,     0.8604,     0.8976,     5.0589, 
[  7000,  0.0000991]     0.6753,     0.8401,     0.8807,     5.5984, 
[  7100,  0.0000990]     0.6672,     0.8352,     0.8784,     5.0064, 
[  7200,  0.0000990]     0.6923,     0.8457,     0.8843,     4.9211, 
[  7300,  0.0000989]     0.6985,     0.8500,     0.8874,     4.9295, 
[  7400,  0.0000988]     0.6739,     0.8393,     0.8797,     5.5078, 
[  7500,  0.0000987]     0.6873,     0.8443,     0.8835,     5.0283, 
[  7600,  0.0000986]     0.6778,     0.8419,     0.8830,     4.9850, 
[  7700,  0.0000985]     0.7050,     0.8574,     0.8934,     5.2701, 
[  7800,  0.0000984]     0.6957,     0.8572,     0.8948,     4.5144, 
[  7900,  0.0000983]     0.7168,     0.8641,     0.9000,     4.1340, 
[  8000,  0.0000983]     0.6892,     0.8406,     0.8806,     5.3453, 
[  8100,  0.0000982]     0.7139,     0.8612,     0.8976,     4.9245, 
[  8200,  0.0000981]     0.7343,     0.8752,     0.9084,     4.0893, 
[  8300,  0.0000980]     0.7068,     0.8611,     0.8988,     4.1619, 
[  8400,  0.0000979]     0.7110,     0.8552,     0.8920,     5.0447, 
[  8500,  0.0000978]     0.7223,     0.8654,     0.9001,     4.2432, 
[  8600,  0.0000977]     0.7226,     0.8618,     0.8961,     4.8439, 
[  8700,  0.0000976]     0.7176,     0.8638,     0.9006,     4.2105, 
[  8800,  0.0000976]     0.6903,     0.8476,     0.8865,     5.1195, 
[  8900,  0.0000975]     0.7145,     0.8550,     0.8910,     4.8649, 
[  9000,  0.0000974]     0.7198,     0.8642,     0.8994,     4.7504, 
[  9100,  0.0000973]     0.7204,     0.8631,     0.8977,     4.7450, 
[  9200,  0.0000972]     0.7088,     0.8579,     0.8949,     5.0441, 
[  9300,  0.0000971]     0.7279,     0.8653,     0.8981,     4.9137, 
[  9400,  0.0000970]     0.7143,     0.8597,     0.8948,     4.7142, 
[  9500,  0.0000969]     0.7101,     0.8574,     0.8954,     4.3825, 
[  9600,  0.0000968]     0.7300,     0.8761,     0.9107,     3.8028, 
[  9700,  0.0000968]     0.7326,     0.8661,     0.9000,     4.7271, 
[  9800,  0.0000967]     0.7278,     0.8663,     0.8996,     4.5910, 
[  9900,  0.0000966]     0.7233,     0.8622,     0.8968,     4.6335, 
[ 10000,  0.0000965]     0.7326,     0.8695,     0.9025,     4.2321, 
Validation (clean) EPE: 2.797913, 1px: 0.764033, 3px: 0.900542, 5px: 0.931802
Validation (final) EPE: 3.428739, 1px: 0.731923, 3px: 0.873117, 5px: 0.909193
[ 10100,  0.0000964]     0.7166,     0.8639,     0.8996,     4.1670, 
[ 10200,  0.0000963]     0.7193,     0.8605,     0.8967,     4.4075, 
[ 10300,  0.0000962]     0.7434,     0.8756,     0.9072,     4.3533, 
[ 10400,  0.0000961]     0.7525,     0.8817,     0.9128,     4.2186, 
[ 10500,  0.0000961]     0.7308,     0.8652,     0.8988,     4.9203, 
[ 10600,  0.0000960]     0.7460,     0.8761,     0.9076,     4.2579, 
[ 10700,  0.0000959]     0.7406,     0.8780,     0.9115,     3.5466, 
[ 10800,  0.0000958]     0.7267,     0.8662,     0.9018,     3.8770, 
[ 10900,  0.0000957]     0.7486,     0.8763,     0.9089,     3.8153, 
[ 11000,  0.0000956]     0.7250,     0.8580,     0.8922,     5.4134, 
[ 11100,  0.0000955]     0.7319,     0.8671,     0.9018,     4.4543, 
[ 11200,  0.0000954]     0.7430,     0.8736,     0.9063,     4.0666, 
[ 11300,  0.0000954]     0.7452,     0.8763,     0.9079,     4.1011, 
[ 11400,  0.0000953]     0.7357,     0.8657,     0.9000,     4.1444, 
[ 11500,  0.0000952]     0.7482,     0.8756,     0.9083,     4.1410, 
[ 11600,  0.0000951]     0.7424,     0.8708,     0.9031,     4.4148, 
[ 11700,  0.0000950]     0.7650,     0.8858,     0.9153,     3.9542, 
[ 11800,  0.0000949]     0.7488,     0.8767,     0.9078,     4.2994, 
[ 11900,  0.0000948]     0.7632,     0.8840,     0.9133,     3.8114, 
[ 12000,  0.0000947]     0.7525,     0.8836,     0.9148,     3.8954, 
[ 12100,  0.0000947]     0.7267,     0.8623,     0.8962,     5.1871, 
[ 12200,  0.0000946]     0.7564,     0.8776,     0.9077,     4.7483, 
[ 12300,  0.0000945]     0.7562,     0.8799,     0.9108,     3.6956, 
[ 12400,  0.0000944]     0.7678,     0.8904,     0.9198,     3.3741, 
[ 12500,  0.0000943]     0.7628,     0.8868,     0.9171,     3.8297, 
[ 12600,  0.0000942]     0.7604,     0.8841,     0.9140,     3.4864, 
[ 12700,  0.0000941]     0.7671,     0.8860,     0.9161,     3.4935, 
[ 12800,  0.0000940]     0.7625,     0.8819,     0.9109,     3.9017, 
[ 12900,  0.0000940]     0.7671,     0.8902,     0.9205,     3.3549, 
[ 13000,  0.0000939]     0.7831,     0.8974,     0.9256,     3.7329, 
[ 13100,  0.0000938]     0.7620,     0.8848,     0.9157,     3.9551, 
[ 13200,  0.0000937]     0.7421,     0.8736,     0.9061,     4.3425, 
[ 13300,  0.0000936]     0.7718,     0.8863,     0.9151,     3.7265, 
[ 13400,  0.0000935]     0.7532,     0.8802,     0.9126,     3.8189, 
[ 13500,  0.0000934]     0.7501,     0.8813,     0.9149,     3.4655, 
[ 13600,  0.0000933]     0.7587,     0.8754,     0.9056,     4.3937, 
[ 13700,  0.0000933]     0.7812,     0.8997,     0.9280,     3.0342, 
[ 13800,  0.0000932]     0.7441,     0.8710,     0.9035,     4.2341, 
[ 13900,  0.0000931]     0.7517,     0.8689,     0.8977,     4.9561, 
[ 14000,  0.0000930]     0.7688,     0.8853,     0.9138,     4.2613, 
[ 14100,  0.0000929]     0.7772,     0.8928,     0.9221,     2.9221, 
[ 14200,  0.0000928]     0.7629,     0.8792,     0.9087,     4.1149, 
[ 14300,  0.0000927]     0.7724,     0.8886,     0.9168,     3.7099, 
[ 14400,  0.0000926]     0.7522,     0.8761,     0.9063,     4.5323, 
[ 14500,  0.0000926]     0.7669,     0.8823,     0.9122,     4.0373, 
[ 14600,  0.0000925]     0.7638,     0.8849,     0.9141,     3.9747, 
[ 14700,  0.0000924]     0.7640,     0.8897,     0.9210,     2.8757, 
[ 14800,  0.0000923]     0.7759,     0.8935,     0.9232,     3.0590, 
[ 14900,  0.0000922]     0.7684,     0.8860,     0.9164,     3.7978, 
[ 15000,  0.0000921]     0.7639,     0.8820,     0.9109,     4.5858, 
Validation (clean) EPE: 2.273437, 1px: 0.806602, 3px: 0.917969, 5px: 0.943825
Validation (final) EPE: 2.980532, 1px: 0.775189, 3px: 0.892332, 5px: 0.923498
[ 15100,  0.0000920]     0.7731,     0.8904,     0.9196,     3.4311, 
[ 15200,  0.0000919]     0.7669,     0.8792,     0.9086,     3.8981, 
[ 15300,  0.0000919]     0.7791,     0.8915,     0.9201,     3.1361, 
[ 15400,  0.0000918]     0.7527,     0.8746,     0.9059,     4.4291, 
[ 15500,  0.0000917]     0.7954,     0.9023,     0.9296,     2.8163, 
[ 15600,  0.0000916]     0.7922,     0.9047,     0.9314,     3.1085, 
[ 15700,  0.0000915]     0.7739,     0.8843,     0.9120,     3.9201, 
[ 15800,  0.0000914]     0.7724,     0.8865,     0.9157,     3.6958, 
[ 15900,  0.0000913]     0.7850,     0.8972,     0.9256,     3.4115, 
[ 16000,  0.0000912]     0.7850,     0.8955,     0.9224,     3.2312, 
[ 16100,  0.0000912]     0.7785,     0.8909,     0.9191,     3.3790, 
[ 16200,  0.0000911]     0.7890,     0.8968,     0.9242,     2.8322, 
[ 16300,  0.0000910]     0.7944,     0.9015,     0.9280,     3.0061, 
[ 16400,  0.0000909]     0.7922,     0.9012,     0.9290,     2.7512, 
[ 16500,  0.0000908]     0.7766,     0.8928,     0.9198,     3.5020, 
[ 16600,  0.0000907]     0.7877,     0.8974,     0.9250,     3.1280, 
[ 16700,  0.0000906]     0.7901,     0.8985,     0.9249,     3.4473, 
[ 16800,  0.0000905]     0.7679,     0.8864,     0.9162,     3.6676, 
[ 16900,  0.0000905]     0.7715,     0.8903,     0.9188,     3.5093, 
[ 17000,  0.0000904]     0.7908,     0.9010,     0.9280,     3.1833, 
[ 17100,  0.0000903]     0.7891,     0.9008,     0.9287,     2.9148, 
[ 17200,  0.0000902]     0.7874,     0.8938,     0.9196,     3.9982, 
[ 17300,  0.0000901]     0.7843,     0.8901,     0.9161,     4.0594, 
[ 17400,  0.0000900]     0.7788,     0.8910,     0.9186,     3.5646, 
[ 17500,  0.0000899]     0.7888,     0.8967,     0.9244,     3.4898, 
[ 17600,  0.0000898]     0.7664,     0.8849,     0.9140,     3.8459, 
[ 17700,  0.0000897]     0.7697,     0.8832,     0.9124,     3.9101, 
[ 17800,  0.0000897]     0.7813,     0.8918,     0.9197,     3.4120, 
[ 17900,  0.0000896]     0.7947,     0.8960,     0.9213,     3.8506, 
[ 18000,  0.0000895]     0.7721,     0.8850,     0.9139,     3.6558, 
[ 18100,  0.0000894]     0.7956,     0.9021,     0.9298,     2.6451, 
[ 18200,  0.0000893]     0.7645,     0.8827,     0.9135,     3.6905, 
[ 18300,  0.0000892]     0.7878,     0.8981,     0.9254,     2.9413, 
[ 18400,  0.0000891]     0.7827,     0.8985,     0.9268,     2.9801, 
[ 18500,  0.0000890]     0.7699,     0.8854,     0.9145,     4.1443, 
[ 18600,  0.0000890]     0.7873,     0.8977,     0.9269,     2.7705, 
[ 18700,  0.0000889]     0.7739,     0.8915,     0.9219,     3.3903, 
[ 18800,  0.0000888]     0.8109,     0.9090,     0.9336,     2.6415, 
[ 18900,  0.0000887]     0.7842,     0.8889,     0.9152,     3.8043, 
[ 19000,  0.0000886]     0.7998,     0.9029,     0.9285,     2.7672, 
[ 19100,  0.0000885]     0.7942,     0.8995,     0.9264,     3.3296, 
[ 19200,  0.0000884]     0.7713,     0.8852,     0.9138,     3.6845, 
[ 19300,  0.0000883]     0.7987,     0.9024,     0.9295,     3.0005, 
[ 19400,  0.0000883]     0.7764,     0.8908,     0.9194,     3.6165, 
[ 19500,  0.0000882]     0.7848,     0.8941,     0.9212,     3.7884, 
[ 19600,  0.0000881]     0.8014,     0.9103,     0.9356,     2.7191, 
[ 19700,  0.0000880]     0.7871,     0.8964,     0.9228,     3.1761, 
[ 19800,  0.0000879]     0.7863,     0.8927,     0.9199,     3.4769, 
[ 19900,  0.0000878]     0.7938,     0.8974,     0.9231,     3.8750, 
[ 20000,  0.0000877]     0.7870,     0.8853,     0.9123,     3.9581, 
Validation (clean) EPE: 2.012799, 1px: 0.828651, 3px: 0.927991, 5px: 0.950484
Validation (final) EPE: 2.624454, 1px: 0.795493, 3px: 0.903087, 5px: 0.931166
[ 20100,  0.0000876]     0.7849,     0.8905,     0.9185,     3.4420, 
[ 20200,  0.0000876]     0.8147,     0.9093,     0.9332,     2.5162, 
[ 20300,  0.0000875]     0.7916,     0.9044,     0.9307,     2.7807, 
[ 20400,  0.0000874]     0.7886,     0.8947,     0.9229,     3.1424, 
[ 20500,  0.0000873]     0.7909,     0.8977,     0.9238,     3.0752, 
[ 20600,  0.0000872]     0.7946,     0.9013,     0.9282,     2.4648, 
[ 20700,  0.0000871]     0.7750,     0.8812,     0.9087,     4.0542, 
[ 20800,  0.0000870]     0.7822,     0.8909,     0.9181,     3.9999, 
[ 20900,  0.0000869]     0.7830,     0.8937,     0.9225,     3.3910, 
[ 21000,  0.0000869]     0.8145,     0.9112,     0.9349,     2.7526, 
[ 21100,  0.0000868]     0.7903,     0.8966,     0.9241,     2.7693, 
[ 21200,  0.0000867]     0.8090,     0.9072,     0.9325,     3.0500, 
[ 21300,  0.0000866]     0.8065,     0.9084,     0.9327,     3.0182, 
[ 21400,  0.0000865]     0.7999,     0.9016,     0.9267,     3.0711, 
[ 21500,  0.0000864]     0.7991,     0.9026,     0.9287,     2.9140, 
[ 21600,  0.0000863]     0.7857,     0.8883,     0.9155,     3.3607, 
[ 21700,  0.0000862]     0.8006,     0.9022,     0.9285,     3.3206, 
[ 21800,  0.0000862]     0.7995,     0.9026,     0.9278,     3.3312, 
[ 21900,  0.0000861]     0.8065,     0.9074,     0.9318,     2.7116, 
[ 22000,  0.0000860]     0.7773,     0.8896,     0.9189,     3.3009, 
[ 22100,  0.0000859]     0.8093,     0.9070,     0.9316,     3.1444, 
[ 22200,  0.0000858]     0.8112,     0.9084,     0.9318,     2.8443, 
[ 22300,  0.0000857]     0.8008,     0.9041,     0.9299,     2.9579, 
[ 22400,  0.0000856]     0.8025,     0.9036,     0.9285,     3.1818, 
[ 22500,  0.0000855]     0.8017,     0.9023,     0.9279,     3.0640, 
[ 22600,  0.0000855]     0.7930,     0.8968,     0.9237,     3.3538, 
[ 22700,  0.0000854]     0.8211,     0.9159,     0.9381,     2.6585, 
[ 22800,  0.0000853]     0.8083,     0.9119,     0.9356,     2.5699, 
[ 22900,  0.0000852]     0.7904,     0.8970,     0.9236,     3.1713, 
[ 23000,  0.0000851]     0.8118,     0.9104,     0.9346,     2.7809, 
[ 23100,  0.0000850]     0.7857,     0.8923,     0.9204,     3.7312, 
[ 23200,  0.0000849]     0.7894,     0.8970,     0.9245,     3.3523, 
[ 23300,  0.0000848]     0.8034,     0.9026,     0.9285,     3.3348, 
[ 23400,  0.0000848]     0.8046,     0.9086,     0.9331,     2.8042, 
[ 23500,  0.0000847]     0.8012,     0.9027,     0.9291,     2.8428, 
[ 23600,  0.0000846]     0.8124,     0.9137,     0.9376,     2.3720, 
[ 23700,  0.0000845]     0.7902,     0.8928,     0.9188,     4.3385, 
[ 23800,  0.0000844]     0.7983,     0.9028,     0.9282,     2.8080, 
[ 23900,  0.0000843]     0.7991,     0.9023,     0.9279,     2.8156, 
[ 24000,  0.0000842]     0.8086,     0.9078,     0.9317,     3.0312, 
[ 24100,  0.0000841]     0.8163,     0.9167,     0.9409,     2.3193, 
[ 24200,  0.0000841]     0.8041,     0.9047,     0.9307,     2.7858, 
[ 24300,  0.0000840]     0.7994,     0.9003,     0.9259,     2.8850, 
[ 24400,  0.0000839]     0.8028,     0.9023,     0.9283,     3.0427, 
[ 24500,  0.0000838]     0.8049,     0.9044,     0.9287,     3.2809, 
[ 24600,  0.0000837]     0.8129,     0.9070,     0.9317,     2.5771, 
[ 24700,  0.0000836]     0.7896,     0.8942,     0.9202,     3.6237, 
[ 24800,  0.0000835]     0.8021,     0.9035,     0.9285,     2.6657, 
[ 24900,  0.0000834]     0.8155,     0.9106,     0.9353,     2.2766, 
[ 25000,  0.0000834]     0.8094,     0.9077,     0.9327,     2.6855, 
Validation (clean) EPE: 1.759164, 1px: 0.842919, 3px: 0.934235, 5px: 0.955239
Validation (final) EPE: 2.335289, 1px: 0.811446, 3px: 0.910091, 5px: 0.936929
[ 25100,  0.0000833]     0.8137,     0.9099,     0.9335,     2.8615, 
